%YAML:1.0
Calibrate_Accuracy: 8.6053269019651157e-001
Camera_Matrix: !!opencv-matrix
   rows: 3
   cols: 3
   dt: d
   data: [ 4.9905777629731421e+002, 0., 3.1950000000000000e+002, 0.,
       4.9905777629731421e+002, 2.3950000000000000e+002, 0., 0., 1. ]
Distortion_Coefficients: !!opencv-matrix
   rows: 5
   cols: 1
   dt: d
   data: [ 6.0631418618203752e-002, -3.8162192386012561e-001, 0., 0.,
       7.0905456854593829e-001 ]
Rotation_Vector:
   - !!opencv-matrix
      rows: 3
      cols: 1
      dt: d
      data: [ -1.1410406298021705e-001, -6.2005249169970703e-002,
          1.2155495380368482e-001 ]
   - !!opencv-matrix
      rows: 3
      cols: 1
      dt: d
      data: [ -6.1617895191496505e-002, -7.0656475303960700e-002,
          5.4268212114796721e-001 ]
   - !!opencv-matrix
      rows: 3
      cols: 1
      dt: d
      data: [ -6.9308030105872005e-003, -5.1031397866876993e-002,
          -5.0920771644520790e-001 ]
   - !!opencv-matrix
      rows: 3
      cols: 1
      dt: d
      data: [ -4.8657019779868921e-001, 1.1321216223852626e-001,
          -1.6587012613681668e-001 ]
   - !!opencv-matrix
      rows: 3
      cols: 1
      dt: d
      data: [ 5.3728503768728475e-001, 1.3785313472672431e-001,
          -1.9778434774804374e-001 ]
   - !!opencv-matrix
      rows: 3
      cols: 1
      dt: d
      data: [ -9.2264343430638246e-002, 6.2914958752430516e-001,
          1.6251586476495267e-001 ]
   - !!opencv-matrix
      rows: 3
      cols: 1
      dt: d
      data: [ -1.4567708800732659e-001, -4.5224370087599930e-001,
          -2.6261671721376830e-003 ]
   - !!opencv-matrix
      rows: 3
      cols: 1
      dt: d
      data: [ -5.4065406759629431e-001, -1.2158746921378723e-002,
          4.9464315554351440e-001 ]
   - !!opencv-matrix
      rows: 3
      cols: 1
      dt: d
      data: [ 5.1477528212044421e-001, -3.1706643187051398e-001,
          4.6844015019599439e-001 ]
   - !!opencv-matrix
      rows: 3
      cols: 1
      dt: d
      data: [ 6.0883869764737708e-001, -1.1421511579516282e-001,
          1.3108558116085584e-001 ]
   - !!opencv-matrix
      rows: 3
      cols: 1
      dt: d
      data: [ 7.4822595282995319e-001, -2.7291398277892270e-001,
          6.6890863955219027e-001 ]
   - !!opencv-matrix
      rows: 3
      cols: 1
      dt: d
      data: [ -5.4801599171294202e-001, 1.3768786215441411e-001,
          -2.5189750946212675e-001 ]
   - !!opencv-matrix
      rows: 3
      cols: 1
      dt: d
      data: [ -6.5866422395589463e-001, 1.0929053020362731e-001,
          3.7080716056713460e-002 ]
   - !!opencv-matrix
      rows: 3
      cols: 1
      dt: d
      data: [ -6.4886828143342290e-002, -4.1709795958114354e-001,
          -2.2634604098454294e-003 ]
Translation_vector:
   - !!opencv-matrix
      rows: 3
      cols: 1
      dt: d
      data: [ -1.2980148287903532e+002, -1.3252980970959772e+001,
          3.9150256643333643e+002 ]
   - !!opencv-matrix
      rows: 3
      cols: 1
      dt: d
      data: [ -7.8129538991405269e+001, -4.1211466287284708e+001,
          3.7493853745487866e+002 ]
   - !!opencv-matrix
      rows: 3
      cols: 1
      dt: d
      data: [ -1.3979288311166101e+002, 5.1645593859874834e+000,
          3.6112072148214440e+002 ]
   - !!opencv-matrix
      rows: 3
      cols: 1
      dt: d
      data: [ -1.5342183462551736e+002, -2.9963309399428302e+000,
          3.9028760731489371e+002 ]
   - !!opencv-matrix
      rows: 3
      cols: 1
      dt: d
      data: [ -1.1889181578391741e+002, -1.1900849812785022e+001,
          3.2994828923818568e+002 ]
   - !!opencv-matrix
      rows: 3
      cols: 1
      dt: d
      data: [ -8.4718033839438604e+001, -3.9213694385290012e+001,
          4.3688071803447258e+002 ]
   - !!opencv-matrix
      rows: 3
      cols: 1
      dt: d
      data: [ -1.0669083675624388e+002, -2.6563791457943843e+001,
          3.3650077171344816e+002 ]
   - !!opencv-matrix
      rows: 3
      cols: 1
      dt: d
      data: [ -8.4864927956837946e+001, -2.9790196357155516e+001,
          4.1663974375300796e+002 ]
   - !!opencv-matrix
      rows: 3
      cols: 1
      dt: d
      data: [ -7.8859082318632602e+001, -8.1199275138446136e+000,
          3.6122369232971187e+002 ]
   - !!opencv-matrix
      rows: 3
      cols: 1
      dt: d
      data: [ -1.0497262003880563e+002, -3.6570059259833926e+001,
          3.4617509256092364e+002 ]
   - !!opencv-matrix
      rows: 3
      cols: 1
      dt: d
      data: [ -8.3817877808748918e+001, -1.0957724179530736e+001,
          3.3438763344270194e+002 ]
   - !!opencv-matrix
      rows: 3
      cols: 1
      dt: d
      data: [ -6.1134121525146263e+001, -3.2870941718473397e+001,
          3.9412331935854553e+002 ]
   - !!opencv-matrix
      rows: 3
      cols: 1
      dt: d
      data: [ -3.7832402549341857e+001, -2.2037129240457265e+001,
          4.1955268586623095e+002 ]
   - !!opencv-matrix
      rows: 3
      cols: 1
      dt: d
      data: [ -4.4725289910405287e+001, -3.3575001609795670e+001,
          4.1723997162357915e+002 ]
# Rotation vector + Translation vector
extrinsic_parameters: !!opencv-matrix
   rows: 14
   cols: 6
   dt: d
   data: [ -1.1410406298021705e-001, -6.2005249169970703e-002,
       1.2155495380368482e-001, -1.2980148287903532e+002,
       -1.3252980970959772e+001, 3.9150256643333643e+002,
       -6.1617895191496505e-002, -7.0656475303960700e-002,
       5.4268212114796721e-001, -7.8129538991405269e+001,
       -4.1211466287284708e+001, 3.7493853745487866e+002,
       -6.9308030105872005e-003, -5.1031397866876993e-002,
       -5.0920771644520790e-001, -1.3979288311166101e+002,
       5.1645593859874834e+000, 3.6112072148214440e+002,
       -4.8657019779868921e-001, 1.1321216223852626e-001,
       -1.6587012613681668e-001, -1.5342183462551736e+002,
       -2.9963309399428302e+000, 3.9028760731489371e+002,
       5.3728503768728475e-001, 1.3785313472672431e-001,
       -1.9778434774804374e-001, -1.1889181578391741e+002,
       -1.1900849812785022e+001, 3.2994828923818568e+002,
       -9.2264343430638246e-002, 6.2914958752430516e-001,
       1.6251586476495267e-001, -8.4718033839438604e+001,
       -3.9213694385290012e+001, 4.3688071803447258e+002,
       -1.4567708800732659e-001, -4.5224370087599930e-001,
       -2.6261671721376830e-003, -1.0669083675624388e+002,
       -2.6563791457943843e+001, 3.3650077171344816e+002,
       -5.4065406759629431e-001, -1.2158746921378723e-002,
       4.9464315554351440e-001, -8.4864927956837946e+001,
       -2.9790196357155516e+001, 4.1663974375300796e+002,
       5.1477528212044421e-001, -3.1706643187051398e-001,
       4.6844015019599439e-001, -7.8859082318632602e+001,
       -8.1199275138446136e+000, 3.6122369232971187e+002,
       6.0883869764737708e-001, -1.1421511579516282e-001,
       1.3108558116085584e-001, -1.0497262003880563e+002,
       -3.6570059259833926e+001, 3.4617509256092364e+002,
       7.4822595282995319e-001, -2.7291398277892270e-001,
       6.6890863955219027e-001, -8.3817877808748918e+001,
       -1.0957724179530736e+001, 3.3438763344270194e+002,
       -5.4801599171294202e-001, 1.3768786215441411e-001,
       -2.5189750946212675e-001, -6.1134121525146263e+001,
       -3.2870941718473397e+001, 3.9412331935854553e+002,
       -6.5866422395589463e-001, 1.0929053020362731e-001,
       3.7080716056713460e-002, -3.7832402549341857e+001,
       -2.2037129240457265e+001, 4.1955268586623095e+002,
       -6.4886828143342290e-002, -4.1709795958114354e-001,
       -2.2634604098454294e-003, -4.4725289910405287e+001,
       -3.3575001609795670e+001, 4.1723997162357915e+002 ]
